0 -9.0796
1 -31.781
2 -31.441
3 -2.7575
4 -4.1446
5 -1.1889
6 35.724
7 44.059
8 42.703
9 17.957
10 -17.39
11 -28.355
12 -26.751
13 -22.801
14 -26.365
15 -22.097
16 -17.797
17 -12.468
18 15.373
19 35.365
20 41.47
21 33.846
22 17.161
23 -14.883
24 -44.117
25 -38.334
26 -41.87
27 -8.3383
28 14.334
29 10.375
30 28.602
31 25.686
32 13.296
33 14.477
34 18.485
35 -38.635
36 -39.036
37 -50.549
38 -24.857
39 -11.661
40 -10.537
41 3.5938
42 25.52
43 34.644
44 23.718
45 -18.996
46 -43.595
47 -65.231
48 -48.795
49 -17.474
50 -28.652
51 -42.921
52 -55.926
53 -33.205
54 23.625
55 51.548
56 14.663
57 15.684
58 1.2673
59 -57.228
60 -39.279
61 -40.426
62 -29.61
63 -25.299
64 -12.015
65 -25.077
66 -24.542
67 0.022857
68 53.634
69 56.64
70 37.841
71 -71.881
72 -83.42
73 -88.174
74 -59.504
75 -47.083
76 -21.009
77 10.341
78 19.74
79 26.807
80 29.817
81 5.0333
82 -27.046
83 -37.437
84 -42.408
85 -29.927
86 -17.922
87 -37.111
88 -7.8766
89 5.8562
90 20.636
91 28.851
92 33.299
93 19.61
94 12.561
95 -5.1903
96 -41.347
97 -70.988
98 -67.634
99 -55.515
100 -39.966
101 -17.329
102 8.9462
103 19.405
104 5.1025
105 -11.902
106 -33.564
107 -29.171
108 -12.209
109 -16.162
110 -17.905
111 -22.232
112 -1.14
113 -13.317
114 1.3336
115 14.761
116 33.408
117 49.181
118 39.104
119 6.0615
120 -19.175
121 -19.865
122 -45.875
123 -57.595
124 -45.219
125 4.1732
126 46.744
127 47.656
128 40.315
129 35.658
130 13.268
131 -10.716
132 -25.109
133 -28.863
134 -25.42
135 -3.9518
136 23.68
137 25.635
138 36.95
139 19.148
140 22.803
141 40.003
142 39.256
143 45.272
144 13.666
145 15.619
146 -19.309
147 -40.451
148 -46.698
149 -63.511
150 -36.264
151 -27.319
152 -14.464
153 5.039
154 15.704
155 10.289
156 -41.971
157 -16.039
158 -2.2137
159 -2.2381
160 -31.058
161 -20.252
162 13.538
163 20.06
164 16.816
165 8.9343
166 11.063
167 13.833
168 5.0987
169 -27.352
170 -31.322
171 -17.959
172 -8.5902
173 23.005
174 27.423
175 25.674
176 2.4519
177 -0.57204
178 -44.676
179 -39.626
180 -29.788
181 -24.94
182 -16.55
183 12.268
184 42.55
185 27.231
186 29.233
187 44.174
188 52.083
189 46.512
190 38.717
191 1.3654
192 -43.942
193 -35.576
194 -28.688
195 -11.972
196 3.4186
197 14.931
198 -6.4066
199 -4.5239
200 14.699
201 25.701
202 -17.923
203 -39.4
204 -45.096
205 -20.588
206 1.733
207 18.781
208 37.149
209 58.001
210 51.745
211 32.451
212 36.3
213 38.804
214 28.234
215 16.255
216 13.313
217 6.871
218 2.3928
219 -20.466
220 -31.082
221 -12.728
222 2.7027
223 5.3242
224 37.572
225 20.646
226 15.068
227 23.85
228 -0.048077
229 -2.8378
230 -4.273
231 -12.72
232 2.4842
233 28.064
234 55.864
235 47.542
236 27.04
237 11.36
238 11.643
239 -29.371
240 -53.43
241 -71.398
242 -64.959
243 -25.4
244 8.5098
245 -5.6741
246 -17.593
247 -15.584
248 -25.611
249 -12.452
250 -28.827
251 -32.213
252 -10.951
253 2.9385
254 -26.574
255 -19.055
