  -2.9653522e+00
  -8.7637171e-02
   1.9216504e+00
   3.4764899e+00
  -8.6041248e-01
  -3.2546455e+00
   3.3269498e-01
   7.5253182e-01
  -4.5390093e-01
  -2.2978246e+00
   4.0486652e+00
  -4.7190470e+00
  -1.0199441e+00
  -2.6432512e+00
  -1.2722565e+00
   6.3570284e-01
   2.7609595e-01
  -1.4214701e+00
   1.5540071e+00
   1.2447878e+00
   1.2947618e+00
  -8.5126336e-01
   2.0971615e+00
   1.3214142e+00
   5.0175449e+00
   2.1269193e+00
   2.3138433e+00
   1.0595765e-01
  -2.5767720e+00
  -7.4244249e-01
  -1.5155838e+00
  -1.1279378e+00
   1.1102771e+00
  -1.1135561e+00
  -1.7902263e+00
  -8.1865544e-01
  -3.2177353e-01
   8.1866886e-01
  -1.9052720e+00
   6.3463494e-01
   1.5604016e-01
   2.6487709e+00
  -4.2634097e-01
  -2.6895729e-01
  -2.3427116e+00
  -2.7705254e+00
   6.2101664e-01
  -4.9897813e-01
   1.0074881e+00
  -1.7853228e+00
   3.8170247e+00
   2.4446140e-01
   2.0940665e+00
  -4.5384040e-01
  -3.2500388e-01
   1.3801038e+00
   1.1115135e+00
  -2.2405100e+00
  -3.0653860e+00
  -2.1957355e+00
  -2.8315466e+00
   1.1914118e-01
  -8.2250185e-01
  -7.3602147e-01
  -2.7219263e+00
   1.5591349e+00
   8.7882222e-01
  -1.7924497e-01
   2.0423602e+00
  -1.7479589e+00
   8.2940059e-01
   6.9688240e-01
   6.9850883e-01
  -1.4584945e+00
   6.5368050e-01
  -1.0297633e+00
  -1.7928923e+00
  -2.4065364e+00
   2.0756313e+00
  -1.6918884e+00
  -3.4582769e-01
  -2.4173041e+00
  -5.9425360e-01
  -6.4640756e+00
  -2.1739185e+00
  -2.8528723e+00
  -2.0289015e+00
  -4.2653438e-01
  -6.5069556e-01
   3.8887956e+00
  -1.1435464e+00
  -5.0006456e-01
  -3.1386309e+00
  -9.5476533e-01
  -2.6759533e+00
   6.0598048e-02
   1.7061735e+00
   8.0850693e-01
  -1.4012404e+00
  -3.2610858e+00
