   2.9200264e+00
   4.1000855e+00
   2.4100120e-01
  -1.9798032e+00
   2.3955429e+00
  -1.1853124e+00
  -9.3961873e-01
   1.7727548e+00
  -2.7704396e+00
  -3.9135079e+00
   8.4136740e-01
   8.0147600e-01
   1.9028432e-01
   9.9336878e-01
   2.1644812e+00
   1.9408956e+00
  -1.1371391e+00
   1.6199441e+00
   3.4649474e-01
  -1.0110851e+00
  -2.3866116e+00
   1.2939419e+00
  -7.0724520e-01
   9.2869053e-02
  -1.5858950e+00
  -3.1010289e+00
   3.4317271e-01
  -1.2427825e-01
   2.3980558e+00
   1.6034081e+00
   2.1066092e+00
  -1.4977535e+00
  -1.8726530e+00
  -2.5381735e+00
   9.9596125e-01
   5.5781623e+00
   1.4551441e+00
  -1.5461282e+00
   1.6732675e+00
  -2.2566606e+00
  -2.8489402e+00
   1.4348846e+00
  -1.5558110e+00
   6.3197176e-01
   2.8130703e+00
   8.0224927e-01
   1.8593206e+00
  -3.2116044e+00
   1.3230725e+00
   4.2770045e+00
   1.0822788e+00
  -3.0817544e+00
  -4.0628559e-01
  -9.9993044e-01
   7.6604783e-01
   8.2407076e-01
   8.1098510e-01
  -7.2756150e-01
  -1.1985441e+00
  -1.1791780e+00
   1.7070817e+00
  -3.7060161e+00
  -4.1460632e-01
   5.4075641e-01
  -1.3055420e+00
   9.5445457e-01
  -1.4263930e-01
  -1.8766026e+00
   3.2272707e-01
  -5.3636576e-01
  -8.1974530e-01
  -1.4226454e+00
   1.2289097e-01
  -3.6922585e+00
  -7.9666624e-01
  -1.0870962e+00
  -1.8237970e+00
   1.3053972e+00
  -1.4685425e+00
   1.0812662e+00
   1.9516818e+00
  -3.1374083e-01
   5.5559864e-01
   1.2790346e+00
  -1.6195603e-01
   1.0817403e+00
  -2.5251297e+00
   2.2208477e+00
  -1.9791254e+00
  -3.6576719e+00
   2.7689970e+00
  -1.2545359e-01
   8.9784224e-01
  -7.2651694e-01
  -2.0411668e+00
  -6.1459771e+00
   1.2525580e+00
  -5.7336907e-01
  -3.9468581e-01
   8.1121075e-01
  -2.8386969e+00
  -1.4588905e+00
   2.2946557e+00
   1.1957293e+00
  -2.5625625e+00
  -4.4065285e+00
  -1.1424926e+00
   4.2799296e-01
   1.8847539e+00
   1.8745098e-01
  -2.2446234e+00
   6.1231564e-01
  -2.3446697e+00
  -1.9219331e+00
  -1.3074700e+00
  -2.4587873e+00
  -5.4193026e-01
  -1.7999001e+00
  -5.7137228e-01
  -9.2484309e-01
  -8.1957043e-01
  -1.0070780e+00
   2.4665942e+00
   1.2206104e+00
   1.1814431e-01
